.Random.seed <-
c(403L, 10L, 2110384227L, 244426802L, -1738054268L, 873819079L, 
-219595107L, 1613403668L, -364409670L, 930486533L, -1464689953L, 
916612966L, -637526288L, 1669367315L, 180588465L, -1698170272L, 
-349050882L, 2038269833L, -167587653L, -355177334L, -1913499796L, 
-39404305L, 558602021L, 328606172L, 96534450L, 512444077L, 1967423079L, 
1280015758L, -2020181400L, -1480051093L, -379842551L, -855200104L, 
1216166342L, 2114357537L, -1567602253L, 846435618L, 91115284L, 
-1391683689L, 194445L, 1430661796L, 1553278090L, -1417364747L, 
509799759L, -491943338L, 172259584L, -593036221L, 703229921L, 
1667743568L, -642575954L, -1381458087L, -1261054613L, 1919171802L, 
-1041353316L, -394315361L, -187884555L, -1386251636L, -2069008542L, 
-453472451L, 825255863L, 1512219742L, -506881640L, 94190843L, 
109811865L, 1460193576L, 1937895382L, 646331473L, 1738856195L, 
-56795502L, 1470938148L, -1377475865L, 1145345853L, -227727436L, 
-1618236390L, 1610258277L, 813918719L, -1972722554L, 597510160L, 
1201035955L, 1837635921L, 1881274624L, 1818770398L, 1556285481L, 
-2075672613L, -1347945238L, 818342540L, 1104516559L, 2132715909L, 
-1979207108L, -1698207982L, -1848611827L, -1096341689L, 1250428206L, 
22492296L, -1844674165L, 1402501481L, 1882993464L, -1980785178L, 
1359636865L, 212573459L, 1123211970L, 1986086260L, -2097842825L, 
1358626413L, 279367940L, -1988377558L, -2017379947L, 144920111L, 
-498406602L, -1334201504L, -890013277L, -2129761599L, -1081064784L, 
-1999118898L, -858001095L, -1371189941L, 882116346L, -1523562500L, 
2049525823L, -1525214955L, -1241884116L, 1613891330L, 1071530973L, 
-789336361L, 84875710L, 1830231032L, 516583387L, 1635484217L, 
-1513979000L, -1980816586L, -1490345615L, -211338333L, 1156000498L, 
-169776572L, -1922648825L, -1178587939L, -1150555692L, 1932242170L, 
-1506044859L, -641710945L, 1603257894L, 1478853296L, 1691062099L, 
1833679473L, -1673934944L, 231173950L, 1332704841L, -132525317L, 
2143032010L, -811879380L, -201681L, 1223034085L, 442264988L, 
455118834L, -1313322387L, -1697214553L, 1297797582L, -842295512L, 
-834052821L, 1383100233L, 637342808L, 676901126L, 966028513L, 
254741619L, -1180927774L, -2090082220L, 530752855L, 1775228237L, 
624453860L, 1012913354L, 159439157L, -221376625L, 222284950L, 
-1964653504L, -873163517L, 577354017L, -500796912L, -705857042L, 
-2005021287L, 1530149419L, -1638495462L, 1145860572L, 2015234015L, 
-1201930315L, 1803340108L, 2069594018L, -772368643L, -807249929L, 
-1492192994L, 1184537560L, -852001477L, -102982951L, 936539752L, 
-744740970L, 688861969L, 959896771L, 2088441042L, -1990336156L, 
1570436263L, -1917675011L, -53234700L, -1896231718L, -1879319003L, 
178565951L, -1788837690L, 993172816L, 481748339L, -692424815L, 
-1172028992L, 2040841118L, -1577132695L, 1791600027L, -1097316182L, 
684373708L, -519563377L, -1585523771L, -1998538884L, -702986286L, 
-2061523123L, -145558009L, -1662532114L, 63328456L, -1612800053L, 
-858949079L, -769308552L, -426031706L, 2018971585L, -599255981L, 
-157992190L, 1162108468L, 442435698L, -354790800L, -601007580L, 
-1722955720L, -1160689382L, -1812810544L, -657692356L, -733334636L, 
-1963550846L, -584860736L, -989358532L, -1186016880L, 228653090L, 
746814728L, -1650095988L, -846381284L, -967426926L, 66383232L, 
-2122354668L, 476243752L, 778737210L, -1056577072L, 750059884L, 
-1211126860L, 1593102866L, -1259157536L, -996906548L, 1770883296L, 
-1986046942L, 1055972136L, 1795652108L, -986860740L, -841730062L, 
-101170448L, 602733124L, 1530160728L, 2113963834L, -198567952L, 
1305856700L, 2042721556L, 1705082050L, 1613335648L, 1638247804L, 
1974681552L, 1347868962L, -230273368L, -70467700L, 2123891900L, 
-2135768270L, -496703936L, -1836706636L, 72227912L, -730112582L, 
226531856L, -1804641044L, 1180647764L, 1117674258L, -1156192864L, 
-631385396L, -1804461472L, 1020450754L, -1612229848L, 229360044L, 
-451680964L, 532341618L, 148854064L, 477609764L, 342209848L, 
1697814234L, 538630032L, -1281039620L, -1858339948L, 1501643842L, 
1940663552L, 1425780796L, -828105392L, 1485477026L, -1961014456L, 
641171212L, -1403945252L, -1217599662L, 1930598016L, 1730031700L, 
-1371466776L, 1606781690L, 1086905680L, -941971668L, 453823348L, 
-2095594606L, -727991712L, 1632661388L, 1803757408L, 1830390754L, 
-1327510616L, -175379252L, -279635460L, 2048630706L, -1504760336L, 
283012548L, 1059668312L, 489018746L, -1840067152L, -1543978052L, 
1730951252L, 1890103234L, 648783904L, -1174716228L, 736148048L, 
-955344926L, 1045466728L, -905384372L, 563452L, -1435959310L, 
-1325910784L, -1032115340L, -1689180152L, -657684038L, 1690029520L, 
1619436524L, -2027889772L, -1976103982L, -1931882656L, 1582324044L, 
-1226485472L, 208842626L, 162344680L, -1808127764L, 1059921468L, 
-1763519630L, -1674537360L, -361083868L, 1123983160L, -1119240038L, 
769365712L, 2051257532L, 1458559636L, -450041214L, -84111168L, 
939803964L, -2072389488L, 852475426L, 1886640648L, 996939020L, 
-523197796L, -1125911022L, -1280523904L, -894410220L, 1388789288L, 
1155899706L, -144442416L, 412249708L, 1172392756L, -1155272046L, 
-227044000L, -477391540L, 478483424L, 2043375522L, -129822808L, 
1350520716L, -555676996L, 168094578L, 1701888240L, -1750000572L, 
-929907368L, 1158516794L, -960531600L, 542463036L, -312235244L, 
-478241342L, -535335712L, -439699588L, 2011789008L, 943594146L, 
1439716392L, -207789812L, 10230716L, 1109955890L, 950749120L, 
1856661044L, -1068934200L, -1111182150L, -803625072L, 1058998764L, 
333222996L, -5424494L, 462158624L, 2034696652L, 728017888L, -4196670L, 
-118540760L, -1533710676L, -1536813380L, 1696276978L, -963405520L, 
-742963036L, -421860680L, -1637437606L, 998653328L, -2056286852L, 
2092863764L, 1556561218L, 102384384L, 463825852L, -1919360176L, 
-1543654110L, 1215613256L, 293456908L, 870026332L, 15267026L, 
1485255680L, 1865189204L, 225626600L, -343647238L, 1512131280L, 
-1601428180L, 850541812L, -544439406L, 2120141920L, 248142092L, 
506522336L, -503114398L, 762123944L, -88101300L, -1272286340L, 
-347062478L, 745677424L, 963801412L, -1536486371L, -942543449L, 
1876451536L, -830827922L, 585518363L, -488434051L, 1389089898L, 
-2146606840L, 2098542001L, -2013064669L, 564442916L, -740519982L, 
-253191129L, 186087025L, 87452854L, -1944773548L, 1018717413L, 
1637200111L, 257078312L, 2025013382L, -1099482445L, -1247052779L, 
-1768923534L, -2022114624L, -1533051095L, -935670373L, 1118796396L, 
380333690L, 1658953647L, 377924281L, -1373535026L, -66830820L, 
2068587917L, -1471372297L, -995571968L, 254651742L, -705374677L, 
-101918419L, -78862950L, 434697048L, -537417023L, 612867443L, 
-1611022700L, 469449506L, -176138697L, -179924223L, 643308038L, 
234874948L, 1199778165L, -629461793L, 1389424696L, 728455190L, 
618489891L, 256595941L, 1777971714L, 2106863728L, -61176295L, 
-1794516981L, 1514107644L, -1714871510L, -540687009L, -684483351L, 
-1541710850L, -316463124L, -1921858755L, 1237634823L, -1587984656L, 
2030839438L, -1308909381L, 1050002589L, 1698347082L, -2129565080L, 
-302692783L, 1192246595L, -1705219004L, -1040048398L, -1824520505L, 
-923890543L, -334904810L, -2104430476L, 1031901957L, 764631375L, 
-346461368L, -436393242L, -1419748333L, 143311733L, 1213010770L, 
775463840L, 922863241L, -234048837L, -1558648564L, 537838746L, 
-314803697L, -966750631L, 1059742446L, -85800580L, -379889171L, 
-2033924457L, -542088864L, 1534850366L, -1176189429L, -920345971L, 
172646330L, 18501112L, -1159599711L, 448597843L, 216276596L, 
1605951490L, 1605261975L, 1638417505L, 1434804390L, 991531172L, 
17328469L, -1121232385L, 547725464L, -577524298L, 294225475L, 
1688619909L, -1538920414L, -553721072L, 1802129081L, -52583573L, 
-565511588L, -1531988086L, -1893644417L, 1600977609L, 1747915614L, 
990357516L, 2018392029L, -413056281L, 261823248L, 1392489006L, 
688933083L, 793998781L, -35871958L, 215411656L, 1687054577L, 
-311081373L, -1897475484L, -1368206958L, -393585049L, 1390951985L, 
-406781066L, -1257047916L, 1087882917L, -674470993L, 2020970600L, 
